3	0.00	0.00
4	0.00	0.00
5	0.00	0.00
6	0.00	0.00
7	0.00	0.00
7	0.00	0.00
8	0.00	0.00
9	0.00	0.00
10	0.00	0.00
11	0.00	0.00
11	0.00	0.00
12	0.00	0.00
13	0.00	0.00
14	0.00	0.00
15	0.00	0.00
16	0.00	0.00
16	0.00	0.00
17	0.00	0.00
18	0.00	0.00
19	0.00	0.00
20	0.00	0.00
22	0.01	0.01
23	0.01	0.01
23	0.01	0.01
25	0.01	0.01
26	0.01	0.01
27	0.01	0.01
28	0.01	0.01
29	0.01	0.01
30	0.01	0.01
31	0.04	0.04
32	0.04	0.04
33	0.04	0.04
34	0.04	0.04
35	0.04	0.04
36	0.04	0.04
38	0.04	0.04
39	0.04	0.04
40	0.04	0.04
41	0.09	0.09
43	0.09	0.09
44	0.09	0.09
45	0.09	0.09
46	0.09	0.09
47	0.09	0.09
48	0.09	0.09
49	0.09	0.09
50	0.09	0.09
52	0.14	0.14
53	0.14	0.14
54	0.14	0.14
55	0.14	0.14
56	0.14	0.14
57	0.14	0.14
58	0.14	0.14
59	0.14	0.14
60	0.14	0.14
62	0.21	0.20
63	0.21	0.20
63	0.21	0.20
64	0.21	0.20
65	0.21	0.20
67	0.21	0.20
68	0.21	0.20
69	0.21	0.20
70	0.21	0.20
71	0.29	0.28
72	0.29	0.28
73	0.29	0.28
74	0.29	0.28
75	0.29	0.28
76	0.29	0.28
77	0.29	0.28
78	0.29	0.28
80	0.29	0.28
81	0.37	0.36
82	0.37	0.36
83	0.37	0.36
84	0.37	0.36
86	0.37	0.36
87	0.37	0.36
88	0.37	0.36
89	0.37	0.36
90	0.37	0.36
92	0.46	0.45
93	0.46	0.45
94	0.46	0.45
95	0.46	0.45
96	0.46	0.45
97	0.46	0.45
98	0.46	0.45
99	0.46	0.45
100	0.46	0.45
102	0.56	0.55
103	0.56	0.55
104	0.56	0.55
105	0.56	0.55
106	0.56	0.55
107	0.56	0.55
108	0.56	0.55
109	0.56	0.55
110	0.56	0.55
112	0.67	0.66
113	0.67	0.66
114	0.67	0.66
115	0.67	0.66
116	0.67	0.66
117	0.67	0.66
119	0.67	0.66
120	0.67	0.66
121	0.78	0.76
122	0.78	0.76
123	0.78	0.76
124	0.78	0.76
126	0.78	0.76
128	0.78	0.76
129	0.78	0.76
130	0.78	0.76
132	0.88	0.86
133	0.88	0.86
134	0.88	0.86
135	0.88	0.86
136	0.88	0.86
137	0.88	0.86
138	0.88	0.86
139	0.88	0.86
140	0.88	0.86
142	1.01	0.98
143	1.01	0.98
144	1.01	0.98
145	1.01	0.98
146	1.01	0.98
147	1.01	0.98
149	1.01	0.98
150	1.01	0.98
151	1.12	1.09
152	1.12	1.09
153	1.12	1.09
154	1.12	1.09
156	1.12	1.09
157	1.12	1.09
158	1.12	1.09
159	1.12	1.09
160	1.12	1.09
162	1.25	1.22
163	1.25	1.22
164	1.25	1.22
165	1.25	1.22
166	1.25	1.22
167	1.25	1.22
168	1.25	1.22
171	1.25	1.22
172	1.37	1.34
173	1.37	1.34
174	1.37	1.34
175	1.37	1.34
176	1.37	1.34
178	1.37	1.34
179	1.37	1.34
180	1.37	1.34
181	1.37	1.34
183	1.50	1.47
184	1.50	1.47
185	1.50	1.47
186	1.50	1.47
187	1.50	1.47
188	1.50	1.47
189	1.50	1.47
190	1.50	1.47
191	1.50	1.47
193	1.64	1.61
194	1.64	1.61
195	1.64	1.61
196	1.64	1.61
197	1.64	1.61
198	1.64	1.61
200	1.64	1.61
201	1.64	1.61
202	1.76	1.73
203	1.76	1.73
204	1.76	1.73
205	1.76	1.73
207	1.76	1.73
208	1.76	1.73
209	1.76	1.73
210	1.76	1.73
211	1.76	1.73
214	1.90	1.87
215	1.90	1.87
216	1.90	1.87
217	1.90	1.87
218	1.90	1.87
219	1.90	1.87
220	1.90	1.87
222	1.90	1.87
223	2.02	1.99
224	2.02	1.99
225	2.02	1.99
226	2.02	1.99
227	2.02	1.99
228	2.02	1.99
230	2.02	1.99
231	2.02	1.99
232	2.02	1.99
234	2.15	2.12
235	2.15	2.12
236	2.15	2.12
237	2.15	2.12
238	2.15	2.12
239	2.15	2.12
240	2.15	2.12
241	2.15	2.12
242	2.15	2.12
244	2.27	2.25
245	2.27	2.25
246	2.27	2.25
247	2.27	2.25
248	2.27	2.25
249	2.27	2.25
251	2.27	2.25
252	2.27	2.25
253	2.36	2.34
254	2.36	2.34
256	2.36	2.34
257	2.36	2.34
259	2.36	2.34
260	2.36	2.34
261	2.36	2.34
262	2.36	2.34
264	2.44	2.42
265	2.44	2.42
266	2.44	2.42
267	2.44	2.42
268	2.44	2.42
269	2.44	2.42
270	2.44	2.42
271	2.44	2.42
272	2.44	2.42
274	2.53	2.51
275	2.53	2.51
276	2.53	2.51
277	2.53	2.51
278	2.53	2.51
279	2.53	2.51
281	2.53	2.51
282	2.53	2.51
283	2.60	2.58
284	2.60	2.58
285	2.60	2.58
286	2.60	2.58
288	2.60	2.58
289	2.60	2.58
290	2.60	2.58
291	2.60	2.58
292	2.60	2.58
294	2.66	2.66
295	2.66	2.66
296	2.66	2.66
297	2.66	2.66
299	2.66	2.66
300	2.66	2.66
301	2.66	2.66
303	2.66	2.66
304	2.72	2.71
305	2.72	2.71
306	2.72	2.71
307	2.72	2.71
308	2.72	2.71
309	2.72	2.71
311	2.72	2.71
312	2.72	2.71
313	2.72	2.71
315	2.78	2.77
316	2.78	2.77
316	2.78	2.77
318	2.78	2.77
319	2.78	2.77
320	2.78	2.77
321	2.78	2.77
322	2.78	2.77
323	2.78	2.77
325	2.84	2.82
326	2.84	2.82
327	2.84	2.82
328	2.84	2.82
329	2.84	2.82
330	2.84	2.82
332	2.84	2.82
333	2.84	2.82
334	2.87	2.87
335	2.87	2.87
336	2.87	2.87
337	2.87	2.87
339	2.87	2.87
340	2.87	2.87
342	2.87	2.87
343	2.87	2.87
345	2.91	2.90
346	2.91	2.90
347	2.91	2.90
348	2.91	2.90
349	2.91	2.90
350	2.91	2.90
351	2.91	2.90
352	2.91	2.90
353	2.91	2.90
355	2.95	2.94
356	2.95	2.94
357	2.95	2.94
358	2.95	2.94
359	2.95	2.94
360	2.95	2.94
362	2.95	2.94
363	2.95	2.94
364	2.98	2.97
365	2.98	2.97
366	2.98	2.97
367	2.98	2.97
369	2.98	2.97
370	2.98	2.97
371	2.98	2.97
372	2.98	2.97
373	2.98	2.97
375	3.01	3.00
376	3.01	3.00
377	3.01	3.00
378	3.01	3.00
379	3.01	3.00
380	3.01	3.00
381	3.01	3.00
384	3.01	3.00
385	3.04	3.03
386	3.04	3.03
387	3.04	3.03
388	3.04	3.03
389	3.04	3.03
391	3.04	3.03
392	3.04	3.03
393	3.04	3.03
394	3.04	3.03
396	3.06	3.06
397	3.06	3.06
397	3.06	3.06
399	3.06	3.06
400	3.06	3.06
401	3.06	3.06
402	3.06	3.06
403	3.06	3.06
404	3.06	3.06
406	3.09	3.08
407	3.09	3.08
408	3.09	3.08
409	3.09	3.08
410	3.09	3.08
411	3.09	3.08
413	3.09	3.08
414	3.09	3.08
415	3.11	3.10
416	3.11	3.10
417	3.11	3.10
418	3.11	3.10
420	3.11	3.10
421	3.11	3.10
422	3.11	3.10
423	3.11	3.10
424	3.11	3.10
427	3.13	3.12
428	3.13	3.12
429	3.13	3.12
430	3.13	3.12
431	3.13	3.12
432	3.13	3.12
433	3.13	3.12
435	3.13	3.12
436	3.14	3.14
437	3.14	3.14
438	3.14	3.14
439	3.14	3.14
440	3.14	3.14
441	3.14	3.14
443	3.14	3.14
444	3.14	3.14
445	3.14	3.14
447	3.16	3.15
447	3.16	3.15
448	3.16	3.15
450	3.16	3.15
451	3.16	3.15
452	3.16	3.15
453	3.16	3.15
454	3.16	3.15
455	3.16	3.15
457	3.17	3.17
458	3.17	3.17
459	3.17	3.17
460	3.17	3.17
461	3.17	3.17
462	3.17	3.17
464	3.17	3.17
465	3.17	3.17
466	3.18	3.18
467	3.18	3.18
468	3.18	3.18
470	3.18	3.18
472	3.18	3.18
473	3.18	3.18
474	3.18	3.18
475	3.18	3.18
477	3.19	3.19
478	3.19	3.19
478	3.19	3.19
480	3.19	3.19
481	3.19	3.19
482	3.19	3.19
483	3.19	3.19
484	3.19	3.19
485	3.19	3.19
487	3.20	3.20
488	3.20	3.20
489	3.20	3.20
490	3.20	3.20
491	3.20	3.20
492	3.20	3.20
494	3.20	3.20
495	3.20	3.20
496	3.22	3.21
497	3.22	3.21
498	3.22	3.21
499	3.22	3.21
501	3.22	3.21
502	3.22	3.21
503	3.22	3.21
504	3.22	3.21
505	3.22	3.21
507	3.22	3.22
508	3.22	3.22
509	3.22	3.22
510	3.22	3.22
512	3.22	3.22
513	3.22	3.22
514	3.22	3.22
516	3.22	3.22
517	3.23	3.23
518	3.23	3.23
519	3.23	3.23
520	3.23	3.23
521	3.23	3.23
522	3.23	3.23
524	3.23	3.23
525	3.23	3.23
526	3.23	3.23
528	3.24	3.24
528	3.24	3.24
529	3.24	3.24
531	3.24	3.24
532	3.24	3.24
533	3.24	3.24
534	3.24	3.24
535	3.24	3.24
536	3.24	3.24
538	3.24	3.24
539	3.24	3.24
540	3.24	3.24
541	3.24	3.24
542	3.24	3.24
543	3.24	3.24
545	3.24	3.24
546	3.24	3.24
547	3.25	3.25
548	3.25	3.25
549	3.25	3.25
550	3.25	3.25
552	3.25	3.25
553	3.25	3.25
555	3.25	3.25
556	3.25	3.25
558	3.26	3.26
559	3.26	3.26
560	3.26	3.26
561	3.26	3.26
562	3.26	3.26
563	3.26	3.26
564	3.26	3.26
565	3.26	3.26
566	3.26	3.26
568	3.26	3.26
569	3.26	3.26
570	3.26	3.26
571	3.26	3.26
572	3.26	3.26
573	3.26	3.26
575	3.26	3.26
576	3.26	3.26
577	3.27	3.26
578	3.27	3.26
579	3.27	3.26
580	3.27	3.26
582	3.27	3.26
583	3.27	3.26
584	3.27	3.26
585	3.27	3.26
586	3.27	3.26
588	3.27	3.27
589	3.27	3.27
590	3.27	3.27
591	3.27	3.27
592	3.27	3.27
593	3.27	3.27
594	3.27	3.27
596	3.27	3.27
598	3.27	3.27
599	3.27	3.27
600	3.27	3.27
601	3.27	3.27
602	3.27	3.27
604	3.27	3.27
605	3.27	3.27
606	3.27	3.27
607	3.28	3.27
608	3.28	3.27
609	3.28	3.27
610	3.28	3.27
612	3.28	3.27
613	3.28	3.27
614	3.28	3.27
615	3.28	3.27
616	3.28	3.27
618	3.28	3.28
619	3.28	3.28
620	3.28	3.28
621	3.28	3.28
622	3.28	3.28
623	3.28	3.28
624	3.28	3.28
626	3.28	3.28
627	3.28	3.28
628	3.28	3.28
629	3.28	3.28
630	3.28	3.28
631	3.28	3.28
633	3.28	3.28
634	3.28	3.28
635	3.28	3.28
636	3.28	3.28
638	3.29	3.28
640	3.29	3.28
641	3.29	3.28
642	3.29	3.28
643	3.29	3.28
644	3.29	3.28
645	3.29	3.28
646	3.29	3.28
648	3.29	3.29
649	3.29	3.29
650	3.29	3.29
651	3.29	3.29
652	3.29	3.29
653	3.29	3.29
654	3.29	3.29
656	3.29	3.29
657	3.29	3.29
658	3.29	3.29
659	3.29	3.29
660	3.29	3.29
661	3.29	3.29
663	3.29	3.29
664	3.29	3.29
665	3.29	3.29
666	3.29	3.29
668	3.29	3.29
669	3.29	3.29
670	3.29	3.29
671	3.29	3.29
672	3.29	3.29
673	3.29	3.29
674	3.29	3.29
675	3.29	3.29
677	3.29	3.29
678	3.29	3.29
679	3.29	3.29
680	3.29	3.29
681	3.29	3.29
683	3.29	3.29
685	3.29	3.29
686	3.29	3.29
687	3.29	3.29
688	3.29	3.29
689	3.29	3.29
690	3.29	3.29
692	3.29	3.29
693	3.29	3.29
694	3.29	3.29
695	3.29	3.29
696	3.29	3.29
697	3.29	3.29
699	3.30	3.29
700	3.30	3.29
701	3.30	3.29
702	3.30	3.29
703	3.30	3.29
704	3.30	3.29
705	3.30	3.29
707	3.30	3.29
708	3.30	3.29
709	3.30	3.29
710	3.30	3.29
711	3.30	3.29
712	3.30	3.29
714	3.30	3.29
715	3.30	3.29
716	3.30	3.29
717	3.30	3.29
719	3.30	3.30
720	3.30	3.30
721	3.30	3.30
722	3.30	3.30
723	3.30	3.30
724	3.30	3.30
726	3.30	3.30
727	3.30	3.30
729	3.30	3.30
730	3.30	3.30
731	3.30	3.30
732	3.30	3.30
733	3.30	3.30
734	3.30	3.30
736	3.30	3.30
737	3.30	3.30
738	3.30	3.30
739	3.30	3.30
740	3.30	3.30
741	3.30	3.30
742	3.30	3.30
744	3.30	3.30
745	3.30	3.30
746	3.30	3.30
747	3.30	3.30
749	3.30	3.30
750	3.30	3.30
751	3.30	3.30
752	3.30	3.30
753	3.30	3.30
754	3.30	3.30
755	3.30	3.30
756	3.30	3.30
758	3.30	3.30
759	3.31	3.30
760	3.31	3.30
761	3.31	3.30
762	3.31	3.30
763	3.31	3.30
765	3.31	3.30
766	3.31	3.30
768	3.31	3.30
769	3.31	3.30
770	3.31	3.30
771	3.31	3.30
773	3.31	3.30
774	3.31	3.30
775	3.31	3.30
776	3.31	3.30
777	3.31	3.30
778	3.31	3.30
780	3.31	3.30
781	3.31	3.30
782	3.31	3.30
783	3.31	3.30
784	3.31	3.30
785	3.31	3.30
786	3.31	3.30
788	3.31	3.30
789	3.31	3.30
790	3.31	3.30
791	3.31	3.30
792	3.31	3.30
793	3.31	3.30
795	3.31	3.30
796	3.31	3.30
797	3.31	3.30
798	3.31	3.30
800	3.31	3.30
801	3.31	3.30
802	3.31	3.30
803	3.31	3.30
804	3.31	3.30
805	3.31	3.30
806	3.31	3.30
807	3.31	3.30
809	3.31	3.30
811	3.31	3.30
812	3.31	3.30
813	3.31	3.30
814	3.31	3.30
815	3.31	3.30
817	3.31	3.30
818	3.31	3.30
819	3.31	3.30
820	3.31	3.30
821	3.31	3.30
822	3.31	3.30
824	3.31	3.30
825	3.31	3.30
826	3.31	3.30
827	3.31	3.30
828	3.31	3.30
829	3.31	3.30
831	3.31	3.30
832	3.31	3.30
833	3.31	3.30
834	3.31	3.30
835	3.31	3.30
836	3.31	3.30
837	3.31	3.30
839	3.31	3.30
840	3.31	3.30
841	3.31	3.30
842	3.31	3.30
843	3.31	3.30
844	3.31	3.30
846	3.31	3.30
847	3.31	3.30
848	3.31	3.30
849	3.31	3.30
851	3.31	3.30
852	3.31	3.30
854	3.31	3.30
855	3.31	3.30
856	3.31	3.30
857	3.31	3.30
858	3.31	3.30
859	3.31	3.30
861	3.31	3.30
862	3.31	3.30
863	3.31	3.30
864	3.31	3.30
865	3.31	3.30
866	3.31	3.30
868	3.31	3.30
869	3.31	3.30
870	3.31	3.30
871	3.31	3.30
872	3.31	3.30
873	3.31	3.30
874	3.31	3.30
876	3.31	3.30
877	3.31	3.30
878	3.31	3.30
879	3.31	3.30
881	3.31	3.30
882	3.31	3.30
883	3.31	3.30
884	3.31	3.30
885	3.31	3.30
886	3.31	3.30
887	3.31	3.30
888	3.31	3.30
890	3.31	3.30
891	3.31	3.30
892	3.31	3.30
893	3.31	3.30
894	3.31	3.30
896	3.31	3.30
898	3.31	3.30
899	3.31	3.30
900	3.31	3.30
901	3.31	3.30
902	3.31	3.30
903	3.31	3.30
905	3.31	3.30
906	3.31	3.30
907	3.31	3.30
908	3.31	3.30
909	3.31	3.30
910	3.31	3.30
912	3.31	3.30
913	3.31	3.30
914	3.31	3.30
915	3.31	3.30
916	3.31	3.30
917	3.31	3.30
918	3.31	3.30
920	3.31	3.30
921	3.31	3.30
922	3.31	3.30
923	3.31	3.30
924	3.31	3.30
925	3.31	3.30
927	3.31	3.30
928	3.31	3.30
929	3.31	3.30
930	3.31	3.30
932	3.31	3.30
933	3.31	3.30
934	3.31	3.30
935	3.31	3.30
936	3.31	3.30
937	3.31	3.30
939	3.31	3.30
940	3.31	3.30
942	3.31	3.30
943	3.31	3.30
944	3.31	3.30
945	3.31	3.30
946	3.31	3.30
947	3.31	3.30
949	3.31	3.30
950	3.31	3.30
951	3.31	3.30
952	3.31	3.30
953	3.31	3.30
954	3.31	3.30
956	3.31	3.30
957	3.31	3.30
958	3.31	3.30
959	3.31	3.30
960	3.31	3.30
962	3.31	3.30
963	3.31	3.30
964	3.31	3.30
965	3.31	3.30
966	3.31	3.30
967	3.31	3.30
968	3.31	3.30
969	3.31	3.30
971	3.31	3.30
972	3.31	3.30
973	3.31	3.30
974	3.31	3.30
975	3.31	3.30
976	3.31	3.30
978	3.31	3.30
979	3.31	3.30
980	3.31	3.30
982	3.31	3.30
984	3.31	3.30
984	3.31	3.30
986	3.31	3.30
987	3.31	3.30
988	3.31	3.30
989	3.31	3.30
990	3.31	3.30
991	3.31	3.30
993	3.31	3.30
994	3.31	3.30
995	3.31	3.30
996	3.31	3.30
997	3.31	3.30
998	3.31	3.30
1000	3.31	3.30
1001	3.31	3.30
1002	3.31	3.30
1003	3.31	3.30
1005	3.31	3.30
1006	3.31	3.30
1007	3.31	3.30
1008	3.31	3.30
1009	3.31	3.30
1011	3.31	3.30
1012	3.31	3.30
1013	3.31	3.30
1015	3.31	3.30
1016	3.31	3.30
1017	3.31	3.30
1018	3.31	3.30
1019	3.31	3.30
1021	3.31	3.30
1022	3.31	3.30
1024	3.31	3.30
1026	3.31	3.30
1027	3.31	3.30
1028	3.31	3.30
1029	3.31	3.30
1030	3.31	3.30
1032	3.31	3.30
1033	3.31	3.30
1034	3.31	3.30
1036	3.31	3.30
1037	3.31	3.30
1038	3.31	3.30
1039	3.31	3.30
1040	3.31	3.30
1042	3.31	3.30
1043	3.31	3.30
1044	3.31	3.30
1046	3.31	3.30
1047	3.31	3.30
1048	3.31	3.30
1049	3.31	3.30
1050	3.31	3.30
1052	3.31	3.30
1053	3.31	3.30
1054	3.31	3.30
1056	3.31	3.30
1057	3.31	3.30
1058	3.31	3.30
1059	3.31	3.30
1060	3.31	3.30
1062	3.31	3.30
1063	3.31	3.30
1064	3.31	3.30
1067	3.31	3.30
1068	3.31	3.30
1069	3.31	3.30
1070	3.31	3.30
1071	3.31	3.30
1072	3.31	3.30
1074	3.31	3.30
1075	3.31	3.30
1076	3.31	3.30
1077	3.31	3.30
1079	3.31	3.30
1080	3.31	3.30
1081	3.31	3.30
1082	3.31	3.30
1084	3.31	3.30
1085	3.31	3.30
1086	3.31	3.30
1087	3.31	3.30
1089	3.31	3.30
1090	3.31	3.30
1091	3.31	3.30
1092	3.31	3.30
1094	3.31	3.30
1095	3.31	3.30
1096	3.31	3.30
1097	3.31	3.30
1099	3.31	3.30
1100	3.31	3.30
1101	3.31	3.30
1102	3.31	3.30
1104	3.31	3.30
1105	3.31	3.30
1106	3.31	3.30
1107	3.31	3.30
1110	3.31	3.30
1111	3.31	3.30
1112	3.31	3.30
1113	3.31	3.30
1115	3.31	3.30
1116	3.31	3.30
1117	3.31	3.30
1118	3.31	3.30
1120	3.31	3.30
1121	3.31	3.30
1122	3.31	3.30
1123	3.31	3.30
1125	3.31	3.30
1126	3.31	3.30
1127	3.31	3.30
1128	3.31	3.30
1130	3.31	3.30
1131	3.31	3.30
1132	3.31	3.30
1133	3.31	3.30
1134	3.31	3.30
1136	3.31	3.30
1137	3.31	3.30
1138	3.31	3.30
1139	3.31	3.30
1141	3.31	3.30
1142	3.31	3.30
1143	3.31	3.30
1144	3.31	3.30
1146	3.31	3.30
1147	3.31	3.30
1148	3.31	3.30
1149	3.31	3.30
1152	3.31	3.30
1153	3.31	3.30
1154	3.31	3.30
1155	3.31	3.30
1157	3.31	3.30
1158	3.31	3.30
1159	3.31	3.30
1160	3.31	3.30
1162	3.31	3.30
1163	3.31	3.30
1164	3.31	3.30
1165	3.31	3.30
1167	3.31	3.30
1168	3.31	3.30
1169	3.31	3.30
1170	3.31	3.30
1172	3.31	3.30
1173	3.31	3.30
1174	3.31	3.30
1175	3.31	3.30
1177	3.31	3.30
1178	3.31	3.30
1179	3.31	3.30
1180	3.31	3.30
1182	3.31	3.30
1183	3.31	3.30
1184	3.31	3.30
1185	3.31	3.30
1187	3.31	3.30
1188	3.31	3.30
1189	3.31	3.30
1190	3.31	3.30
1192	3.31	3.30
1193	3.31	3.30
1195	3.31	3.30
1196	3.31	3.30
1197	3.31	3.30
1199	3.31	3.30
1200	3.31	3.30
1201	3.31	3.30
1202	3.31	3.30
1204	3.31	3.30
1205	3.31	3.30
1206	3.31	3.30
1207	3.31	3.30
1209	3.31	3.30
1210	3.31	3.30
1211	3.31	3.30
1212	3.31	3.30
1214	3.31	3.30
1215	3.31	3.30
1216	3.31	3.30
1217	3.31	3.30
1219	3.31	3.30
1220	3.31	3.30
1221	3.31	3.30
1222	3.31	3.30
1224	3.31	3.30
1225	3.31	3.30
1226	3.31	3.30
1227	3.31	3.30
1229	3.31	3.30
1230	3.31	3.30
1231	3.31	3.30
1232	3.31	3.30
1234	3.31	3.30
1235	3.31	3.30
1236	3.31	3.30
1238	3.31	3.30
1240	3.31	3.30
1241	3.31	3.30
1242	3.31	3.30
1243	3.31	3.30
1245	3.31	3.30
1246	3.31	3.30
1247	3.31	3.30
1248	3.31	3.30
1250	3.31	3.30
1251	3.31	3.30
1252	3.31	3.30
1253	3.31	3.30
1255	3.31	3.30
1256	3.31	3.30
1257	3.31	3.30
1258	3.31	3.30
1260	3.31	3.30
1261	3.31	3.30
1262	3.31	3.30
1263	3.31	3.30
1264	3.31	3.30
1266	3.31	3.30
1267	3.31	3.30
1268	3.31	3.30
1270	3.31	3.30
1271	3.31	3.30
1272	3.31	3.30
1273	3.31	3.30
1274	3.31	3.30
1276	3.31	3.30
1277	3.31	3.30
1278	3.31	3.30
1281	3.31	3.30
1282	3.31	3.30
1283	3.31	3.30
1284	3.31	3.30
1285	3.31	3.30
1287	3.31	3.30
1288	3.31	3.30
1289	3.31	3.30
1290	3.31	3.30
1292	3.31	3.30
1293	3.31	3.30
1294	3.31	3.30
1295	3.31	3.30
1297	3.31	3.30
1298	3.31	3.30
1299	3.31	3.30
1300	3.31	3.30
1302	3.31	3.30
1303	3.31	3.30
1304	3.31	3.30
1305	3.31	3.30
1307	3.31	3.30
1308	3.31	3.30
1309	3.31	3.30
1310	3.31	3.30
1312	3.31	3.30
1313	3.31	3.30
1314	3.31	3.30
1315	3.31	3.30
1317	3.31	3.30
1318	3.31	3.30
1319	3.31	3.30
1320	3.31	3.30
1323	3.31	3.30
1324	3.31	3.30
1325	3.31	3.30
1326	3.31	3.30
1327	3.31	3.30
1329	3.31	3.30
1330	3.31	3.30
1331	3.31	3.30
1332	3.31	3.30
1334	3.31	3.30
1335	3.31	3.30
1336	3.31	3.30
1337	3.31	3.30
1339	3.31	3.30
1340	3.31	3.30
1341	3.31	3.30
1342	3.31	3.30
1344	3.31	3.30
1345	3.31	3.30
1346	3.31	3.30
1347	3.31	3.30
1349	3.31	3.30
1350	3.31	3.30
1351	3.31	3.30
1352	3.31	3.30
1354	3.31	3.30
1355	3.31	3.30
1356	3.31	3.30
1357	3.31	3.30
1359	3.31	3.30
1360	3.31	3.30
1361	3.31	3.30
1362	3.31	3.30
1364	3.31	3.30
1366	3.31	3.30
1367	3.31	3.30
1368	3.31	3.30
1370	3.31	3.30
1371	3.31	3.30
1372	3.31	3.30
1373	3.31	3.30
1375	3.31	3.30
1376	3.31	3.30
1377	3.31	3.30
1378	3.31	3.30
1380	3.31	3.30
1381	3.31	3.30
1382	3.31	3.30
1383	3.31	3.30
1385	3.31	3.30
1386	3.31	3.30
1387	3.31	3.30
1388	3.31	3.30
1390	3.31	3.30
1391	3.31	3.30
1392	3.31	3.30
1393	3.31	3.30
1394	3.31	3.30
1396	3.31	3.30
1397	3.31	3.30
1398	3.31	3.30
1399	3.31	3.30
1401	3.31	3.30
1402	3.31	3.30
1403	3.31	3.30
1404	3.31	3.30
1406	3.31	3.30
1408	3.31	3.30
1409	3.31	3.30
1410	3.31	3.30
1412	3.31	3.30
1413	3.31	3.30
1414	3.31	3.30
1415	3.31	3.30
1417	3.31	3.30
1418	3.31	3.30
1419	3.31	3.30
1420	3.31	3.30
1422	3.31	3.30
1423	3.31	3.30
1424	3.31	3.30
1425	3.31	3.30
1427	3.31	3.30
1428	3.31	3.30
1429	3.31	3.30
1430	3.31	3.30
1432	3.31	3.30
1433	3.31	3.30
1434	3.31	3.30
1435	3.31	3.30
1437	3.31	3.30
1438	3.31	3.30
1439	3.31	3.30
1440	3.31	3.30
1442	3.31	3.30
1443	3.31	3.30
1444	3.31	3.30
1445	3.31	3.30
1447	3.31	3.30
1448	3.31	3.30
1449	3.31	3.30
1451	3.31	3.30
1453	3.31	3.30
1454	3.31	3.30
1455	3.31	3.30
1456	3.31	3.30
1458	3.31	3.30
1459	3.31	3.30
1460	3.31	3.30
1461	3.31	3.30
1462	3.31	3.30
1464	3.31	3.30
1465	3.31	3.31
1466	3.31	3.31
1467	3.31	3.31
1469	3.31	3.31
1470	3.31	3.31
1471	3.31	3.31
1472	3.31	3.31
1474	3.31	3.31
1475	3.31	3.31
1476	3.31	3.31
1477	3.31	3.31
1479	3.31	3.31
1480	3.31	3.31
1481	3.31	3.31
1482	3.31	3.31
1484	3.31	3.31
1485	3.31	3.31
1486	3.31	3.31
1487	3.31	3.31
1489	3.31	3.31
1490	3.31	3.31
1491	3.31	3.31
1492	3.31	3.31
1495	3.31	3.31
1496	3.31	3.31
1497	3.31	3.31
1498	3.31	3.31
1500	3.31	3.31
1501	3.31	3.31
1502	3.31	3.31
1503	3.31	3.31
1505	3.31	3.31
1506	3.31	3.31
1507	3.31	3.31
1508	3.31	3.31
1510	3.31	3.31
1511	3.31	3.31
1512	3.31	3.31
1513	3.31	3.31
1515	3.31	3.31
1516	3.31	3.31
1517	3.31	3.31
1518	3.31	3.31
1520	3.31	3.31
1521	3.31	3.31
1522	3.31	3.31
1523	3.31	3.31
1524	3.31	3.31
1526	3.31	3.31
1527	3.31	3.31
1528	3.31	3.31
1529	3.31	3.31
1531	3.31	3.31
1532	3.31	3.31
1533	3.31	3.31
1534	3.31	3.31
1537	3.31	3.31
1538	3.31	3.31
1539	3.31	3.31
1540	3.31	3.31
1542	3.31	3.31
1543	3.31	3.31
1544	3.31	3.31
1545	3.31	3.31
1547	3.31	3.31
1548	3.31	3.31
1549	3.31	3.31
1550	3.31	3.31
1552	3.31	3.31
1553	3.31	3.31
1554	3.31	3.31
1555	3.31	3.31
1557	3.31	3.31
1558	3.31	3.31
1559	3.31	3.31
1560	3.31	3.31
1562	3.31	3.31
1563	3.31	3.31
1564	3.31	3.31
1565	3.31	3.31
1567	3.31	3.31
1568	3.31	3.31
1569	3.31	3.31
1570	3.31	3.31
1572	3.31	3.31
1573	3.31	3.31
1574	3.31	3.31
1575	3.31	3.31
1577	3.31	3.31
1579	3.31	3.31
1580	3.31	3.31
1581	3.31	3.31
1583	3.31	3.31
1584	3.31	3.31
1585	3.31	3.31
1586	3.31	3.31
1588	3.31	3.31
1589	3.31	3.31
1590	3.31	3.31
1591	3.31	3.31
1592	3.31	3.31
1594	3.31	3.31
1595	3.31	3.31
1596	3.31	3.31
1597	3.31	3.31
1599	3.31	3.31
1600	3.31	3.31
1601	3.31	3.31
1602	3.31	3.31
1604	3.31	3.31
1605	3.31	3.31
1606	3.31	3.31
1607	3.31	3.31
1609	3.31	3.31
1610	3.31	3.31
1611	3.31	3.31
1612	3.31	3.31
1614	3.31	3.31
1615	3.31	3.31
1616	3.31	3.31
1617	3.31	3.31
1619	3.31	3.31
1620	3.31	3.31
1622	3.31	3.31
1623	3.31	3.31
1625	3.31	3.31
1626	3.31	3.31
1627	3.31	3.31
1628	3.31	3.31
1630	3.31	3.31
1631	3.31	3.31
1632	3.31	3.31
1633	3.31	3.31
1635	3.31	3.31
1636	3.31	3.31
1637	3.31	3.31
1638	3.31	3.31
1640	3.31	3.31
1641	3.31	3.31
1642	3.31	3.31
1643	3.31	3.31
1645	3.31	3.31
1646	3.31	3.31
1647	3.31	3.31
1648	3.31	3.31
1650	3.31	3.31
1651	3.31	3.31
1652	3.31	3.31
1653	3.31	3.31
1654	3.31	3.31
1656	3.31	3.31
1657	3.31	3.31
1658	3.31	3.31
1659	3.31	3.31
1661	3.31	3.31
1662	3.31	3.31
1664	3.31	3.31
1665	3.31	3.31
1667	3.31	3.31
1668	3.31	3.31
1669	3.31	3.31
1670	3.31	3.31
1672	3.31	3.31
1673	3.31	3.31
1674	3.31	3.31
1675	3.31	3.31
1677	3.31	3.31
1678	3.31	3.31
1679	3.31	3.31
1680	3.31	3.31
1682	3.31	3.31
1683	3.31	3.31
1684	3.31	3.31
1685	3.31	3.31
1687	3.31	3.31
1688	3.31	3.31
1689	3.31	3.31
1690	3.31	3.31
1692	3.31	3.31
1693	3.31	3.31
1694	3.31	3.31
1695	3.31	3.31
1697	3.31	3.31
1698	3.31	3.31
1699	3.31	3.31
1700	3.31	3.31
1702	3.31	3.31
1703	3.31	3.31
1704	3.31	3.31
1705	3.31	3.31
1708	3.31	3.31
1709	3.31	3.31
1710	3.31	3.31
1711	3.31	3.31
1713	3.31	3.31
1714	3.31	3.31
1715	3.31	3.31
1716	3.31	3.31
1718	3.31	3.31
1719	3.31	3.31
1720	3.31	3.31
1721	3.31	3.31
1722	3.31	3.31
1724	3.31	3.31
1725	3.31	3.31
1726	3.31	3.31
1727	3.31	3.31
1729	3.31	3.31
1730	3.31	3.31
1731	3.31	3.31
1732	3.31	3.31
1734	3.31	3.31
1735	3.31	3.31
1736	3.31	3.31
1737	3.31	3.31
1739	3.31	3.31
1740	3.31	3.31
1741	3.31	3.31
1742	3.31	3.31
1744	3.31	3.31
1745	3.31	3.31
1746	3.31	3.31
1747	3.31	3.31
1750	3.31	3.31
1751	3.31	3.31
1752	3.31	3.31
1753	3.31	3.31
1755	3.31	3.31
1756	3.31	3.31
1757	3.31	3.31
1758	3.31	3.31
1760	3.31	3.31
1761	3.31	3.31
1762	3.31	3.31
1763	3.31	3.31
1765	3.31	3.31
1766	3.31	3.31
1767	3.31	3.31
1768	3.31	3.31
1770	3.31	3.31
1771	3.31	3.31
1772	3.31	3.31
1773	3.31	3.31
1775	3.31	3.31
1776	3.31	3.31
1777	3.31	3.31
1778	3.31	3.31
1780	3.31	3.31
1781	3.31	3.31
1782	3.31	3.31
1783	3.31	3.31
1784	3.31	3.31
1786	3.31	3.31
1787	3.31	3.31
1788	3.31	3.31
1789	3.31	3.31
1792	3.31	3.31
1793	3.31	3.31
1794	3.31	3.31
1795	3.31	3.31
1797	3.31	3.31
1798	3.31	3.31
1799	3.31	3.31
1800	3.31	3.31
1802	3.31	3.31
1803	3.31	3.31
1804	3.31	3.31
1805	3.31	3.31
1807	3.31	3.31
1808	3.31	3.31
1809	3.31	3.31
1810	3.31	3.31
1812	3.31	3.31
1813	3.31	3.31
1814	3.31	3.31
1815	3.31	3.31
1817	3.31	3.31
1818	3.31	3.31
1819	3.31	3.31
1820	3.31	3.31
1822	3.31	3.31
1823	3.31	3.31
1824	3.31	3.31
1825	3.31	3.31
1827	3.31	3.31
1828	3.31	3.31
1829	3.31	3.31
1830	3.31	3.31
1832	3.31	3.31
1833	3.31	3.31
1835	3.31	3.31
1836	3.31	3.31
1838	3.31	3.31
1839	3.31	3.31
1840	3.31	3.31
1841	3.31	3.31
1843	3.31	3.31
1844	3.31	3.31
1845	3.31	3.31
1846	3.31	3.31
1848	3.31	3.31
1849	3.31	3.31
1850	3.31	3.31
1851	3.31	3.31
1852	3.31	3.31
1854	3.31	3.31
1855	3.31	3.31
1856	3.31	3.31
1857	3.31	3.31
1859	3.31	3.31
1860	3.31	3.31
1861	3.31	3.31
1862	3.31	3.31
1864	3.31	3.31
1865	3.31	3.31
1866	3.31	3.31
1867	3.31	3.31
1869	3.31	3.31
1870	3.31	3.31
1871	3.31	3.31
1872	3.31	3.31
1874	3.31	3.31
1875	3.31	3.31
1876	3.31	3.31
1878	3.31	3.31
1880	3.31	3.31
1881	3.31	3.31
1882	3.31	3.31
1883	3.31	3.31
1885	3.31	3.31
1886	3.31	3.31
1887	3.31	3.31
1888	3.31	3.31
1890	3.31	3.31
1891	3.31	3.31
1892	3.31	3.31
1893	3.31	3.31
1895	3.31	3.31
1896	3.31	3.31
1897	3.31	3.31
1898	3.31	3.31
1900	3.31	3.31
1901	3.31	3.31
1902	3.31	3.31
1903	3.31	3.31
1905	3.31	3.31
1906	3.31	3.31
1907	3.31	3.31
1908	3.31	3.31
1910	3.31	3.31
1911	3.31	3.31
1912	3.31	3.31
1913	3.31	3.31
1914	3.31	3.31
1916	3.31	3.31
1917	3.31	3.31
1918	3.31	3.31
1920	3.31	3.31
1922	3.31	3.31
1923	3.31	3.31
1924	3.31	3.31
1925	3.31	3.31
1927	3.31	3.31
1928	3.31	3.31
1929	3.31	3.31
1930	3.31	3.31
1932	3.31	3.31
1933	3.31	3.31
1934	3.31	3.31
1935	3.31	3.31
1937	3.31	3.31
1938	3.31	3.31
1939	3.31	3.31
1940	3.31	3.31
1942	3.31	3.31
1943	3.31	3.31
1944	3.31	3.31
1945	3.31	3.31
1947	3.31	3.31
1948	3.31	3.31
1949	3.31	3.31
1950	3.31	3.31
1952	3.31	3.31
1953	3.31	3.31
1954	3.31	3.31
1955	3.31	3.31
1957	3.31	3.31
1958	3.31	3.31
1959	3.31	3.31
1960	3.31	3.31
1963	3.31	3.31
1964	3.31	3.31
1965	3.31	3.31
1966	3.31	3.31
1968	3.31	3.31
1969	3.31	3.31
1970	3.31	3.31
1972	3.31	3.31
1973	3.31	3.31
1974	3.31	3.31
1975	3.31	3.31
1976	3.31	3.31
1978	3.31	3.31
1979	3.31	3.31
1980	3.31	3.31
1982	3.31	3.31
1983	3.31	3.31
1984	3.31	3.31
1985	3.31	3.31
1986	3.31	3.31
1987	3.31	3.31
1989	3.31	3.31
1990	3.31	3.31
1992	3.31	3.31
1993	3.31	3.31
1994	3.31	3.31
1995	3.31	3.31
1996	3.31	3.31
1997	3.31	3.31
1999	3.31	3.31
2000	3.31	3.31
2002	3.31	3.31
2002	3.31	3.31
2004	3.31	3.31
2006	3.31	3.31
2007	3.31	3.31
2008	3.31	3.31
2010	3.31	3.31
2011	3.31	3.31
2012	3.31	3.31
2013	3.31	3.31
2015	3.31	3.31
2016	3.31	3.31
2017	3.31	3.31
2018	3.31	3.31
2020	3.31	3.31
2021	3.31	3.31
2022	3.31	3.31
2023	3.31	3.31
2025	3.31	3.31
2026	3.31	3.31
2027	3.31	3.31
2028	3.31	3.31
2030	3.31	3.31
2031	3.31	3.31
2032	3.31	3.31
2033	3.31	3.31
2035	3.31	3.31
2036	3.31	3.31
2037	3.31	3.31
2038	3.31	3.31
2040	3.31	3.31
2041	3.31	3.31
2042	3.31	3.31
2043	3.31	3.31
2044	3.31	3.31
2046	3.31	3.31
2048	3.31	3.31
2049	3.31	3.31
2050	3.31	3.31
2052	3.31	3.31
2053	3.31	3.31
2054	3.31	3.31
2055	3.31	3.31
2057	3.31	3.31
2058	3.31	3.31
2059	3.31	3.31
2060	3.31	3.31
2062	3.31	3.31
2063	3.31	3.31
2064	3.31	3.31
2065	3.31	3.31
2067	3.31	3.31
2068	3.31	3.31
2069	3.31	3.31
2070	3.31	3.31
2072	3.31	3.31
2073	3.31	3.31
2074	3.31	3.31
2075	3.31	3.31
2077	3.31	3.31
2078	3.31	3.31
2079	3.31	3.31
2080	3.31	3.31
2082	3.31	3.31
2083	3.31	3.31
2084	3.31	3.31
2085	3.31	3.31
2087	3.31	3.31
2088	3.31	3.31
2089	3.31	3.31
2091	3.31	3.31
2093	3.31	3.31
2094	3.31	3.31
2095	3.31	3.31
2096	3.31	3.31
2098	3.31	3.31
2099	3.31	3.31
2100	3.31	3.31
2101	3.31	3.31
2103	3.31	3.31
2104	3.31	3.31
2105	3.31	3.31
2106	3.31	3.31
2108	3.31	3.31
2109	3.31	3.31
2110	3.31	3.31
2111	3.31	3.31
2113	3.31	3.31
2114	3.31	3.31
2115	3.31	3.31
2116	3.31	3.31
2117	3.31	3.31
2119	3.31	3.31
2120	3.31	3.31
2121	3.31	3.31
2123	3.31	3.31
2124	3.31	3.31
2125	3.31	3.31
2126	3.31	3.31
2127	3.31	3.31
2129	3.31	3.31
2130	3.31	3.31
2131	3.31	3.31
2134	3.31	3.31
2135	3.31	3.31
2136	3.31	3.31
2137	3.31	3.31
2138	3.31	3.31
2140	3.31	3.31
2141	3.31	3.31
2142	3.31	3.31
2143	3.31	3.31
2145	3.31	3.31
2146	3.31	3.31
2147	3.31	3.31
2148	3.31	3.31
2150	3.31	3.31
2151	3.31	3.31
2152	3.31	3.31
2153	3.31	3.31
2155	3.31	3.31
2156	3.31	3.31
2157	3.31	3.31
2158	3.31	3.31
2160	3.31	3.31
2161	3.31	3.31
2162	3.31	3.31
2163	3.31	3.31
2165	3.31	3.31
2166	3.31	3.31
2167	3.31	3.31
2168	3.31	3.31
2170	3.31	3.31
2171	3.31	3.31
2172	3.31	3.31
2173	3.31	3.31
2176	3.31	3.31
2177	3.31	3.31
2178	3.31	3.31
2179	3.31	3.31
2180	3.31	3.31
2182	3.31	3.31
2183	3.31	3.31
2184	3.31	3.31
2185	3.31	3.31
2187	3.31	3.31
2188	3.31	3.31
2189	3.31	3.31
2190	3.31	3.31
2192	3.31	3.31
2193	3.31	3.31
2194	3.31	3.31
2195	3.31	3.31
2197	3.31	3.31
2198	3.31	3.31
2199	3.31	3.31
2200	3.31	3.31
2202	3.31	3.31
2203	3.31	3.31
2204	3.31	3.31
2205	3.31	3.31
2207	3.31	3.31
2208	3.31	3.31
2209	3.31	3.31
2210	3.31	3.31
2212	3.31	3.31
2213	3.31	3.31
2214	3.31	3.31
2215	3.31	3.31
2217	3.31	3.31
2219	3.31	3.31
2220	3.31	3.31
2221	3.31	3.31
2223	3.31	3.31
2224	3.31	3.31
2225	3.31	3.31
2226	3.31	3.31
2228	3.31	3.31
2229	3.31	3.31
2230	3.31	3.31
2231	3.31	3.31
2233	3.31	3.31
2234	3.31	3.31
2235	3.31	3.31
2236	3.31	3.31
2238	3.31	3.31
2239	3.31	3.31
2240	3.31	3.31
2241	3.31	3.31
2242	3.31	3.31
2244	3.31	3.31
2245	3.31	3.31
2246	3.31	3.31
2247	3.31	3.31
2249	3.31	3.31
2250	3.31	3.31
2251	3.31	3.31
2252	3.31	3.31
2254	3.31	3.31
2255	3.31	3.31
2256	3.31	3.31
2257	3.31	3.31
2259	3.31	3.31
2260	3.31	3.31
2262	3.31	3.31
2263	3.31	3.31
2265	3.31	3.31
2266	3.31	3.31
2267	3.31	3.31
2268	3.31	3.31
2270	3.31	3.31
2271	3.31	3.31
2272	3.31	3.31
2273	3.31	3.31
2275	3.31	3.31
2276	3.31	3.31
2277	3.31	3.31
2278	3.31	3.31
2280	3.31	3.31
2281	3.31	3.31
2282	3.31	3.31
2283	3.31	3.31
2285	3.31	3.31
2286	3.31	3.31
2287	3.31	3.31
2288	3.31	3.31
2290	3.31	3.31
2291	3.31	3.31
2292	3.31	3.31
2293	3.31	3.31
2295	3.31	3.31
2296	3.31	3.31
2297	3.31	3.31
2298	3.31	3.31
2300	3.31	3.31
2301	3.31	3.31
2302	3.31	3.31
2304	3.31	3.31
2306	3.31	3.31
2307	3.31	3.31
2308	3.31	3.31
2309	3.31	3.31
2310	3.31	3.31
2312	3.31	3.31
2313	3.31	3.31
2314	3.31	3.31
2315	3.31	3.31
2317	3.31	3.31
2318	3.31	3.31
2319	3.31	3.31
2320	3.31	3.31
2322	3.31	3.31
2323	3.31	3.31
2324	3.31	3.31
2325	3.31	3.31
2327	3.31	3.31
2328	3.31	3.31
2329	3.31	3.31
2330	3.31	3.31
2332	3.31	3.31
2333	3.31	3.31
2334	3.31	3.31
2335	3.31	3.31
2337	3.31	3.31
2338	3.31	3.31
2339	3.31	3.31
2340	3.31	3.31
2342	3.31	3.31
2343	3.31	3.31
2344	3.31	3.31
2345	3.31	3.31
2348	3.31	3.31
2349	3.31	3.31
2350	3.31	3.31
2351	3.31	3.31
2353	3.31	3.31
2354	3.31	3.31
2355	3.31	3.31
2356	3.31	3.31
2358	3.31	3.31
2359	3.31	3.31
2360	3.31	3.31
2361	3.31	3.31
2363	3.31	3.31
2364	3.31	3.31
2365	3.31	3.31
2366	3.31	3.31
2368	3.31	3.31
2369	3.31	3.31
2370	3.31	3.31
2371	3.31	3.31
2372	3.31	3.31
2374	3.31	3.31
2375	3.31	3.31
2376	3.31	3.31
2377	3.31	3.31
2379	3.31	3.31
2380	3.31	3.31
2381	3.31	3.31
2382	3.31	3.31
2384	3.31	3.31
2385	3.31	3.31
2386	3.31	3.31
2387	3.31	3.31
2390	3.31	3.31
2391	3.31	3.31
2392	3.31	3.31
2393	3.31	3.31
2395	3.31	3.31
2396	3.31	3.31
2397	3.31	3.31
2398	3.31	3.31
2400	3.31	3.31
2401	3.31	3.31
2402	3.31	3.31
2403	3.31	3.31
2405	3.31	3.31
2406	3.31	3.31
2407	3.31	3.31
2408	3.31	3.31
2410	3.31	3.31
2411	3.31	3.31
2412	3.31	3.31
2413	3.31	3.31
2415	3.31	3.31
2416	3.31	3.31
2417	3.31	3.31
2418	3.31	3.31
2420	3.31	3.31
2421	3.31	3.31
2422	3.31	3.31
2423	3.31	3.31
2425	3.31	3.31
2426	3.31	3.31
2427	3.31	3.31
2428	3.31	3.31
2430	3.31	3.31
2432	3.31	3.31
2433	3.31	3.31
2434	3.31	3.31
2436	3.31	3.31
2437	3.31	3.31
2438	3.31	3.31
2439	3.31	3.31
2440	3.31	3.31
2442	3.31	3.31
2443	3.31	3.31
2444	3.31	3.31
2445	3.31	3.31
2447	3.31	3.31
2448	3.31	3.31
2449	3.31	3.31
2450	3.31	3.31
2452	3.31	3.31
2453	3.31	3.31
2454	3.31	3.31
2455	3.31	3.31
2457	3.31	3.31
2458	3.31	3.31
2459	3.31	3.31
2460	3.31	3.31
2462	3.31	3.31
2463	3.31	3.31
2464	3.31	3.31
2465	3.31	3.31
2467	3.31	3.31
2468	3.31	3.31
2469	3.31	3.31
2470	3.31	3.31
2472	3.31	3.31
2473	3.31	3.31
2475	3.31	3.31
2476	3.31	3.31
2478	3.31	3.31
2479	3.31	3.31
2480	3.31	3.31
2482	3.31	3.31
2483	3.31	3.31
2484	3.31	3.31
2485	3.31	3.31
2486	3.31	3.31
2488	3.31	3.31
2489	3.31	3.31
2490	3.31	3.31
2492	3.31	3.31
2493	3.31	3.31
2494	3.31	3.31
2495	3.31	3.31
2496	3.31	3.31
2498	3.31	3.31
2499	3.31	3.31
2500	3.31	3.31
2502	3.31	3.31
2503	3.31	3.31
2504	3.31	3.31
2505	3.31	3.31
2506	3.31	3.31
2507	3.31	3.31
2509	3.31	3.31
2510	3.31	3.31
2512	3.31	3.31
2513	3.31	3.31
2514	3.31	3.31
2515	3.31	3.31
2516	3.31	3.31
2518	3.31	3.31
2520	3.31	3.31
2521	3.31	3.31
2522	3.31	3.31
2523	3.31	3.31
2525	3.31	3.31
2526	3.31	3.31
2527	3.31	3.31
2528	3.31	3.31
2530	3.31	3.31
2531	3.31	3.31
2532	3.31	3.31
2533	3.31	3.31
2535	3.31	3.31
2536	3.31	3.31
2537	3.31	3.31
2538	3.31	3.31
2540	3.31	3.31
2541	3.31	3.31
2542	3.31	3.31
2543	3.31	3.31
2545	3.31	3.31
2546	3.31	3.31
2547	3.31	3.31
2548	3.31	3.31
2550	3.31	3.31
2551	3.31	3.31
2552	3.31	3.31
2553	3.31	3.31
2555	3.31	3.31
2556	3.31	3.31
2557	3.31	3.31
2558	3.31	3.31
2561	3.31	3.31
2562	3.31	3.31
2563	3.31	3.31
2564	3.31	3.31
2566	3.31	3.31
2567	3.31	3.31
2568	3.31	3.31
2569	3.31	3.31
2570	3.31	3.31
2572	3.31	3.31
2573	3.31	3.31
2574	3.31	3.31
2575	3.31	3.31
2577	3.31	3.31
2578	3.31	3.31
2579	3.31	3.31
2580	3.31	3.31
2582	3.31	3.31
2583	3.31	3.31
2584	3.31	3.31
2585	3.31	3.31
2587	3.31	3.31
2588	3.31	3.31
2589	3.31	3.31
2590	3.31	3.31
2592	3.31	3.31
2593	3.31	3.31
2594	3.31	3.31
2595	3.31	3.31
2597	3.31	3.31
2598	3.31	3.31
2599	3.31	3.31
2600	3.31	3.31
2603	3.31	3.31
2604	3.31	3.31
2605	3.31	3.31
2606	3.31	3.31
2608	3.31	3.31
2609	3.31	3.31
2610	3.31	3.31
2611	3.31	3.31
2613	3.31	3.31
2614	3.31	3.31
2615	3.31	3.31
2616	3.31	3.31
2618	3.31	3.31
2619	3.31	3.31
2620	3.31	3.31
2621	3.31	3.31
2623	3.31	3.31
2624	3.31	3.31
2625	3.31	3.31
2626	3.31	3.31
2628	3.31	3.31
2629	3.31	3.31
2630	3.31	3.31
2631	3.31	3.31
2632	3.31	3.31
2634	3.31	3.31
2635	3.31	3.31
2636	3.31	3.31
2637	3.31	3.31
2639	3.31	3.31
2640	3.31	3.31
2641	3.31	3.31
2642	3.31	3.31
2644	3.31	3.31
2646	3.31	3.31
2647	3.31	3.31
2648	3.31	3.31
2650	3.31	3.31
2651	3.31	3.31
2652	3.31	3.31
2653	3.31	3.31
2655	3.31	3.31
2656	3.31	3.31
2657	3.31	3.31
2658	3.31	3.31
2660	3.31	3.31
2661	3.31	3.31
2662	3.31	3.31
2663	3.31	3.31
2665	3.31	3.31
2666	3.31	3.31
2667	3.31	3.31
2668	3.31	3.31
2670	3.31	3.31
2671	3.31	3.31
2672	3.31	3.31
2673	3.31	3.31
2675	3.31	3.31
2676	3.31	3.31
2677	3.31	3.31
2678	3.31	3.31
2680	3.31	3.31
2681	3.31	3.31
2682	3.31	3.31
2683	3.31	3.31
2685	3.31	3.31
2686	3.31	3.31
2688	3.31	3.31
2689	3.31	3.31
2691	3.31	3.31
2692	3.31	3.31
2693	3.31	3.31
2694	3.31	3.31
2696	3.31	3.31
2697	3.31	3.31
2698	3.31	3.31
2699	3.31	3.31
2700	3.31	3.31
2702	3.31	3.31
2703	3.31	3.31
2704	3.31	3.31
2705	3.31	3.31
2707	3.31	3.31
2708	3.31	3.31
2709	3.31	3.31
2710	3.31	3.31
2712	3.31	3.31
2713	3.31	3.31
2714	3.31	3.31
2715	3.31	3.31
2717	3.31	3.31
2718	3.31	3.31
2719	3.31	3.31
2720	3.31	3.31
2722	3.31	3.31
2723	3.31	3.31
2724	3.31	3.31
2725	3.31	3.31
2727	3.31	3.31
2728	3.31	3.31
2729	3.31	3.31
2731	3.31	3.31
2733	3.31	3.31
2734	3.31	3.31
2735	3.31	3.31
2736	3.31	3.31
2738	3.31	3.31
2739	3.31	3.31
2740	3.31	3.31
2741	3.31	3.31
2743	3.31	3.31
2744	3.31	3.31
2745	3.31	3.31
2746	3.31	3.31
2748	3.31	3.31
2749	3.31	3.31
2750	3.31	3.31
2751	3.31	3.31
2753	3.31	3.31
2754	3.31	3.31
2755	3.31	3.31
2756	3.31	3.31
2758	3.31	3.31
2759	3.31	3.31
2760	3.31	3.31
2761	3.31	3.31
2763	3.31	3.31
2764	3.31	3.31
2765	3.31	3.31
2766	3.31	3.31
2767	3.31	3.31
2769	3.31	3.31
2770	3.31	3.31
2771	3.31	3.31
2772	3.31	3.31
2775	3.31	3.31
2776	3.31	3.31
2777	3.31	3.31
2778	3.31	3.31
2780	3.31	3.31
2781	3.31	3.31
2782	3.31	3.31
2783	3.31	3.31
2785	3.31	3.31
2786	3.31	3.31
2787	3.31	3.31
2788	3.31	3.31
2790	3.31	3.31
2791	3.31	3.31
2792	3.31	3.31
2793	3.31	3.31
2795	3.31	3.31
2796	3.31	3.31
2797	3.31	3.31
2798	3.31	3.31
2800	3.31	3.31
2801	3.31	3.31
2802	3.31	3.31
2803	3.31	3.31
2805	3.31	3.31
2806	3.31	3.31
2807	3.31	3.31
2808	3.31	3.31
2810	3.31	3.31
2811	3.31	3.31
2812	3.31	3.31
2813	3.31	3.31
2816	3.31	3.31
2817	3.31	3.31
2818	3.31	3.31
2819	3.31	3.31
2821	3.31	3.31
2822	3.31	3.31
2823	3.31	3.31
2824	3.31	3.31
2826	3.31	3.31
2827	3.31	3.31
2828	3.31	3.31
2829	3.31	3.31
2830	3.31	3.31
2832	3.31	3.31
2833	3.31	3.31
2834	3.31	3.31
2835	3.31	3.31
2837	3.31	3.31
2838	3.31	3.31
2839	3.31	3.31
2840	3.31	3.31
2842	3.31	3.31
2843	3.31	3.31
2844	3.31	3.31
2845	3.31	3.31
2847	3.31	3.31
2848	3.31	3.31
2849	3.31	3.31
2850	3.31	3.31
2852	3.31	3.31
2853	3.31	3.31
2854	3.31	3.31
2855	3.31	3.31
2857	3.31	3.31
2859	3.31	3.31
2860	3.31	3.31
2861	3.31	3.31
2863	3.31	3.31
2864	3.31	3.31
2865	3.31	3.31
2866	3.31	3.31
2868	3.31	3.31
2869	3.31	3.31
2870	3.31	3.31
2871	3.31	3.31
2873	3.31	3.31
2874	3.31	3.31
2875	3.31	3.31
2876	3.31	3.31
2878	3.31	3.31
2879	3.31	3.31
2880	3.31	3.31
2881	3.31	3.31
2883	3.31	3.31
2884	3.31	3.31
2885	3.31	3.31
2886	3.31	3.31
2888	3.31	3.31
2889	3.31	3.31
2890	3.31	3.31
2891	3.31	3.31
2893	3.31	3.31
2894	3.31	3.31
2895	3.31	3.31
2896	3.31	3.31
2897	3.31	3.31
2899	3.31	3.31
2900	3.31	3.31
2902	3.31	3.31
2903	3.31	3.31
2905	3.31	3.31
2906	3.31	3.31
2907	3.31	3.31
2908	3.31	3.31
2910	3.31	3.31
2911	3.31	3.31
2912	3.31	3.31
2913	3.31	3.31
2915	3.31	3.31
2916	3.31	3.31
2917	3.31	3.31
2918	3.31	3.31
2920	3.31	3.31
2921	3.31	3.31
2922	3.31	3.31
2923	3.31	3.31
2925	3.31	3.31
2926	3.31	3.31
2927	3.31	3.31
2928	3.31	3.31
2930	3.31	3.31
2931	3.31	3.31
2932	3.31	3.31
2933	3.31	3.31
2935	3.31	3.31
2936	3.31	3.31
2937	3.31	3.31
2938	3.31	3.31
2940	3.31	3.31
2941	3.31	3.31
2942	3.31	3.31
2944	3.31	3.31
2946	3.31	3.31
2947	3.31	3.31
2948	3.31	3.31
2949	3.31	3.31
2951	3.31	3.31
2952	3.31	3.31
2953	3.31	3.31
2954	3.31	3.31
2956	3.31	3.31
2957	3.31	3.31
2958	3.31	3.31
2959	3.31	3.31
2960	3.31	3.31
2962	3.31	3.31
2963	3.31	3.31
2964	3.31	3.31
2966	3.31	3.31
2967	3.31	3.31
2968	3.31	3.31
2969	3.31	3.31
2970	3.31	3.31
2972	3.31	3.31
2973	3.31	3.31
2974	3.31	3.31
2976	3.31	3.31
2977	3.31	3.31
2978	3.31	3.31
2979	3.31	3.31
2980	3.31	3.31
2982	3.31	3.31
2983	3.31	3.31
2984	3.31	3.31
2987	3.31	3.31
2988	3.31	3.31
2989	3.31	3.31
2990	3.31	3.31
2991	3.31	3.31
2993	3.31	3.31
2994	3.31	3.31
2995	3.31	3.31
2996	3.31	3.31
2998	3.31	3.31
2999	3.31	3.31
3000	3.31	3.31
3001	3.31	3.31
3003	3.31	3.31
3004	3.31	3.31
3005	3.31	3.31
3006	3.31	3.31
3008	3.31	3.31
3009	3.31	3.31
3010	3.31	3.31
3011	3.31	3.31
3013	3.31	3.31
3014	3.31	3.31
3015	3.31	3.31
3016	3.31	3.31
3018	3.31	3.31
3019	3.31	3.31
3020	3.31	3.31
3021	3.31	3.31
3023	3.31	3.31
3024	3.31	3.31
3025	3.31	3.31
3026	3.31	3.31
3027	3.31	3.31
3030	3.31	3.31
3031	3.31	3.31
3032	3.31	3.31
3033	3.31	3.31
3035	3.31	3.31
3036	3.31	3.31
3037	3.31	3.31
3038	3.31	3.31
3040	3.31	3.31
3041	3.31	3.31
3042	3.31	3.31
3043	3.31	3.31
3045	3.31	3.31
3046	3.31	3.31
3047	3.31	3.31
3048	3.31	3.31
3050	3.31	3.31
3051	3.31	3.31
3052	3.31	3.31
3053	3.31	3.31
3055	3.31	3.31
3056	3.31	3.31
3057	3.31	3.31
3058	3.31	3.31
3060	3.31	3.31
3061	3.31	3.31
3062	3.31	3.31
3063	3.31	3.31
3065	3.31	3.31
3066	3.31	3.31
3067	3.31	3.31
3068	3.31	3.31
3070	3.31	3.31
3072	3.31	3.31
3073	3.31	3.31
3074	3.31	3.31
3076	3.31	3.31
3077	3.31	3.31
3078	3.31	3.31
3079	3.31	3.31
3081	3.31	3.31
3082	3.31	3.31
3083	3.31	3.31
3084	3.31	3.31
3086	3.31	3.31
3087	3.31	3.31
3088	3.31	3.31
3089	3.31	3.31
3090	3.31	3.31
3092	3.31	3.31
3093	3.31	3.31
3094	3.31	3.31
3095	3.31	3.31
3097	3.31	3.31
3098	3.31	3.31
3099	3.31	3.31
3100	3.31	3.31
3102	3.31	3.31
3103	3.31	3.31
3104	3.31	3.31
3105	3.31	3.31
3107	3.31	3.31
3108	3.31	3.31
3109	3.31	3.31
3110	3.31	3.31
3112	3.31	3.31
3113	3.31	3.31
3115	3.31	3.31
3116	3.31	3.31
3118	3.31	3.31
3119	3.31	3.31
3120	3.31	3.31
3121	3.31	3.31
3123	3.31	3.31
3124	3.31	3.31
3125	3.31	3.31
3126	3.31	3.31
3128	3.31	3.31
3129	3.31	3.31
3130	3.31	3.31
3131	3.31	3.31
3133	3.31	3.31
3134	3.31	3.31
3135	3.31	3.31
3136	3.31	3.31
3138	3.31	3.31
3139	3.31	3.31
3140	3.31	3.31
3141	3.31	3.31
3143	3.31	3.31
3144	3.31	3.31
3145	3.31	3.31
3146	3.31	3.31
3148	3.31	3.31
3149	3.31	3.31
3150	3.31	3.31
3151	3.31	3.31
3153	3.31	3.31
3154	3.31	3.31
3155	3.31	3.31
3156	3.31	3.31
3158	3.31	3.31
3160	3.31	3.31
3161	3.31	3.31
3162	3.31	3.31
3163	3.31	3.31
3165	3.31	3.31
3166	3.31	3.31
3167	3.31	3.31
3168	3.31	3.31
3170	3.31	3.31
3171	3.31	3.31
3172	3.31	3.31
3173	3.31	3.31
3175	3.31	3.31
3176	3.31	3.31
3177	3.31	3.31
3178	3.31	3.31
3180	3.31	3.31
3181	3.31	3.31
3182	3.31	3.31
3183	3.31	3.31
3185	3.31	3.31
3186	3.31	3.31
3187	3.31	3.31
3188	3.31	3.31
3190	3.31	3.31
3191	3.31	3.31
3192	3.31	3.31
3193	3.31	3.31
3195	3.31	3.31
3196	3.31	3.31
3197	3.31	3.31
3198	3.31	3.31
3201	3.31	3.31
3202	3.31	3.31
3203	3.31	3.31
3204	3.31	3.31
3206	3.31	3.31
3207	3.31	3.31
3208	3.31	3.31
3210	3.31	3.31
3211	3.31	3.31
3212	3.31	3.31
3213	3.31	3.31
3214	3.31	3.31
3216	3.31	3.31
3217	3.31	3.31
3218	3.31	3.31
3220	3.31	3.31
3221	3.31	3.31
3222	3.31	3.31
3223	3.31	3.31
3224	3.31	3.31
3225	3.31	3.31
3227	3.31	3.31
3228	3.31	3.31
3230	3.31	3.31
3231	3.31	3.31
3232	3.31	3.31
3233	3.31	3.31
3234	3.31	3.31
3235	3.31	3.31
3237	3.31	3.31
3238	3.31	3.31
3240	3.31	3.31
3240	3.31	3.31
3243	3.31	3.31
3244	3.31	3.31
3245	3.31	3.31
3246	3.31	3.31
3248	3.31	3.31
3249	3.31	3.31
3250	3.31	3.31
3251	3.31	3.31
3253	3.31	3.31
3254	3.31	3.31
3255	3.31	3.31
3256	3.31	3.31
3258	3.31	3.31
3259	3.31	3.31
3260	3.31	3.31
3261	3.31	3.31
3263	3.31	3.31
3264	3.31	3.31
3265	3.31	3.31
3266	3.31	3.31
3268	3.31	3.31
3269	3.31	3.31
3270	3.31	3.31
3271	3.31	3.31
3273	3.31	3.31
3274	3.31	3.31
3275	3.31	3.31
3276	3.31	3.31
3278	3.31	3.31
3279	3.31	3.31
3280	3.31	3.31
3281	3.31	3.31
3283	3.31	3.31
3284	3.31	3.31
3286	3.31	3.31
3287	3.31	3.31
3288	3.31	3.31
3290	3.31	3.31
3291	3.31	3.31
3292	3.31	3.31
3293	3.31	3.31
3295	3.31	3.31
3296	3.31	3.31
3297	3.31	3.31
3298	3.31	3.31
3300	3.31	3.31
3301	3.31	3.31
3302	3.31	3.31
3303	3.31	3.31
3305	3.31	3.31
3306	3.31	3.31
3307	3.31	3.31
3308	3.31	3.31
3310	3.31	3.31
3311	3.31	3.31
3312	3.31	3.31
3313	3.31	3.31
3315	3.31	3.31
3316	3.31	3.31
3317	3.31	3.31
3318	3.31	3.31
3320	3.31	3.31
3321	3.31	3.31
3322	3.31	3.31
3323	3.31	3.31
3325	3.31	3.31
3326	3.31	3.31
3328	3.31	3.31
3330	3.31	3.31
3331	3.31	3.31
3332	3.31	3.31
3333	3.31	3.31
3334	3.31	3.31
3336	3.31	3.31
3337	3.31	3.31
3338	3.31	3.31
3340	3.31	3.31
3341	3.31	3.31
3342	3.31	3.31
3343	3.31	3.31
3344	3.31	3.31
3346	3.31	3.31
3347	3.31	3.31
3348	3.31	3.31
3350	3.31	3.31
3351	3.31	3.31
3352	3.31	3.31
3353	3.31	3.31
3354	3.31	3.31
3355	3.31	3.31
3357	3.31	3.31
3358	3.31	3.31
3360	3.31	3.31
3361	3.31	3.31
3362	3.31	3.31
3363	3.31	3.31
3364	3.31	3.31
3365	3.31	3.31
3367	3.31	3.31
3368	3.31	3.31
3371	3.31	3.31
3371	3.31	3.31
3373	3.31	3.31
3374	3.31	3.31
3375	3.31	3.31
3376	3.31	3.31
3378	3.31	3.31
3379	3.31	3.31
3380	3.31	3.31
3381	3.31	3.31
3383	3.31	3.31
3384	3.31	3.31
3385	3.31	3.31
3386	3.31	3.31
3388	3.31	3.31
3389	3.31	3.31
3390	3.31	3.31
3391	3.31	3.31
3393	3.31	3.31
3394	3.31	3.31
3395	3.31	3.31
3396	3.31	3.31
3398	3.31	3.31
3399	3.31	3.31
3400	3.31	3.31
3401	3.31	3.31
3403	3.31	3.31
3404	3.31	3.31
3405	3.31	3.31
3406	3.31	3.31
3408	3.31	3.31
3409	3.31	3.31
3410	3.31	3.31
3411	3.31	3.31
3414	3.31	3.31
3415	3.31	3.31
3416	3.31	3.31
3417	3.31	3.31
3418	3.31	3.31
3420	3.31	3.31
3421	3.31	3.31
3422	3.31	3.31
3423	3.31	3.31
3425	3.31	3.31
3426	3.31	3.31
3427	3.31	3.31
3428	3.31	3.31
3430	3.31	3.31
3431	3.31	3.31
3432	3.31	3.31
3433	3.31	3.31
3435	3.31	3.31
3436	3.31	3.31
3437	3.31	3.31
3438	3.31	3.31
3440	3.31	3.31
3441	3.31	3.31
3442	3.31	3.31
3443	3.31	3.31
3445	3.31	3.31
3446	3.31	3.31
3447	3.31	3.31
3448	3.31	3.31
3450	3.31	3.31
3451	3.31	3.31
3452	3.31	3.31
3453	3.31	3.31
3456	3.31	3.31
3457	3.31	3.31
3458	3.31	3.31
3460	3.31	3.31
3461	3.31	3.31
3462	3.31	3.31
3463	3.31	3.31
3464	3.31	3.31
3466	3.31	3.31
3467	3.31	3.31
3468	3.31	3.31
3470	3.31	3.31
3471	3.31	3.31
3472	3.31	3.31
3473	3.31	3.31
3474	3.31	3.31
3476	3.31	3.31
3477	3.31	3.31
3478	3.31	3.31
3480	3.31	3.31
3481	3.31	3.31
3482	3.31	3.31
3483	3.31	3.31
3484	3.31	3.31
3485	3.31	3.31
3487	3.31	3.31
3488	3.31	3.31
3490	3.31	3.31
3491	3.31	3.31
3492	3.31	3.31
3493	3.31	3.31
3494	3.31	3.31
3495	3.31	3.31
3497	3.31	3.31
3499	3.31	3.31
3501	3.31	3.31
3501	3.31	3.31
3503	3.31	3.31
3504	3.31	3.31
3505	3.31	3.31
3506	3.31	3.31
3508	3.31	3.31
3509	3.31	3.31
3510	3.31	3.31
3511	3.31	3.31
3513	3.31	3.31
3514	3.31	3.31
3515	3.31	3.31
3516	3.31	3.31
3518	3.31	3.31
3519	3.31	3.31
3520	3.31	3.31
3521	3.31	3.31
3523	3.31	3.31
3524	3.31	3.31
3525	3.31	3.31
3526	3.31	3.31
3528	3.31	3.31
3529	3.31	3.31
3530	3.31	3.31
3531	3.31	3.31
3533	3.31	3.31
3534	3.31	3.31
3535	3.31	3.31
3536	3.31	3.31
3538	3.31	3.31
3539	3.31	3.31
3540	3.31	3.31
3542	3.31	3.31
3544	3.31	3.31
3545	3.31	3.31
3546	3.31	3.31
3547	3.31	3.31
3548	3.31	3.31
3550	3.31	3.31
3551	3.31	3.31
3552	3.31	3.31
3553	3.31	3.31
3555	3.31	3.31
3556	3.31	3.31
3557	3.31	3.31
3558	3.31	3.31
3560	3.31	3.31
3561	3.31	3.31
3562	3.31	3.31
3563	3.31	3.31
3565	3.31	3.31
3566	3.31	3.31
3567	3.31	3.31
3568	3.31	3.31
3570	3.31	3.31
3571	3.31	3.31
3572	3.31	3.31
3573	3.31	3.31
3575	3.31	3.31
3576	3.31	3.31
3577	3.31	3.31
3578	3.31	3.31
3580	3.31	3.31
3581	3.31	3.31
3582	3.31	3.31
3584	3.31	3.31
3586	3.31	3.31
3587	3.31	3.31
3588	3.31	3.31
3589	3.31	3.31
3591	3.31	3.31
3592	3.31	3.31
3593	3.31	3.31
3594	3.31	3.31
3596	3.31	3.31
3597	3.31	3.31
3598	3.31	3.31
3599	3.31	3.31
3601	3.31	3.31
3602	3.31	3.31
3603	3.31	3.31
3604	3.31	3.31
3606	3.31	3.31
3607	3.31	3.31
3608	3.31	3.31
3609	3.31	3.31
3611	3.31	3.31
3612	3.31	3.31
3613	3.31	3.31
3614	3.31	3.31
3615	3.31	3.31
3617	3.31	3.31
3618	3.31	3.31
3619	3.31	3.31
3620	3.31	3.31
3622	3.31	3.31
3623	3.31	3.31
3624	3.31	3.31
3625	3.31	3.31
3628	3.31	3.31
3629	3.31	3.31
3630	3.31	3.31
3631	3.31	3.31
3633	3.31	3.31
3634	3.31	3.31
3635	3.31	3.31
3636	3.31	3.31
3638	3.31	3.31
3639	3.31	3.31
3640	3.31	3.31
3641	3.31	3.31
3643	3.31	3.31
3644	3.31	3.31
3645	3.31	3.31
3646	3.31	3.31
3648	3.31	3.31
3649	3.31	3.31
3650	3.31	3.31
3651	3.31	3.31
3653	3.31	3.31
3654	3.31	3.31
3655	3.31	3.31
3656	3.31	3.31
3658	3.31	3.31
3659	3.31	3.31
3660	3.31	3.31
3661	3.31	3.31
3663	3.31	3.31
3664	3.31	3.31
3665	3.31	3.31
3666	3.31	3.31
3668	3.31	3.31
3670	3.31	3.31
3671	3.31	3.31
3672	3.31	3.31
3674	3.31	3.31
3675	3.31	3.31
3676	3.31	3.31
3677	3.31	3.31
3678	3.31	3.31
3680	3.31	3.31
3681	3.31	3.31
3682	3.31	3.31
3683	3.31	3.31
3685	3.31	3.31
3686	3.31	3.31
3687	3.31	3.31
3688	3.31	3.31
3690	3.31	3.31
3691	3.31	3.31
3692	3.31	3.31
3693	3.31	3.31
3695	3.31	3.31
3696	3.31	3.31
3697	3.31	3.31
3698	3.31	3.31
3700	3.31	3.31
3701	3.31	3.31
3702	3.31	3.31
3703	3.31	3.31
3705	3.31	3.31
3706	3.31	3.31
3707	3.31	3.31
3708	3.31	3.31
3710	3.31	3.31
3712	3.31	3.31
3713	3.31	3.31
3714	3.31	3.31
3716	3.31	3.31
3717	3.31	3.31
3718	3.31	3.31
3719	3.31	3.31
3721	3.31	3.31
3722	3.31	3.31
3723	3.31	3.31
3724	3.31	3.31
3726	3.31	3.31
3727	3.31	3.31
3728	3.31	3.31
3729	3.31	3.31
3731	3.31	3.31
3732	3.31	3.31
3733	3.31	3.31
3734	3.31	3.31
3736	3.31	3.31
3737	3.31	3.31
3738	3.31	3.31
3739	3.31	3.31
3741	3.31	3.31
3742	3.31	3.31
3743	3.31	3.31
3744	3.31	3.31
3745	3.31	3.31
3747	3.31	3.31
3748	3.31	3.31
3749	3.31	3.31
3750	3.31	3.31
3752	3.31	3.31
3753	3.31	3.31
3755	3.31	3.31
3756	3.31	3.31
3758	3.31	3.31
3759	3.31	3.31
3760	3.31	3.31
3761	3.31	3.31
3763	3.31	3.31
3764	3.31	3.31
3765	3.31	3.31
3766	3.31	3.31
3768	3.31	3.31
3769	3.31	3.31
3770	3.31	3.31
3771	3.31	3.31
3773	3.31	3.31
3774	3.31	3.31
3775	3.31	3.31
3776	3.31	3.31
3778	3.31	3.31
3779	3.31	3.31
3780	3.31	3.31
3781	3.31	3.31
3783	3.31	3.31
3784	3.31	3.31
3785	3.31	3.31
3786	3.31	3.31
3788	3.31	3.31
3789	3.31	3.31
3790	3.31	3.31
3791	3.31	3.31
3793	3.31	3.31
3794	3.31	3.31
3795	3.31	3.31
3796	3.31	3.31
3799	3.31	3.31
3800	3.31	3.31
3801	3.31	3.31
3802	3.31	3.31
3804	3.31	3.31
3805	3.31	3.31
3806	3.31	3.31
3807	3.31	3.31
3808	3.31	3.31
3810	3.31	3.31
3811	3.31	3.31
3812	3.31	3.31
3813	3.31	3.31
3815	3.31	3.31
3816	3.31	3.31
3817	3.31	3.31
3818	3.31	3.31
3820	3.31	3.31
3821	3.31	3.31
3822	3.31	3.31
3823	3.31	3.31
3825	3.31	3.31
3826	3.31	3.31
3827	3.31	3.31
3828	3.31	3.31
3830	3.31	3.31
3831	3.31	3.31
3832	3.31	3.31
3833	3.31	3.31
3835	3.31	3.31
3836	3.31	3.31
3837	3.31	3.31
3838	3.31	3.31
3841	3.31	3.31
3842	3.31	3.31
3843	3.31	3.31
3844	3.31	3.31
3846	3.31	3.31
3847	3.31	3.31
3848	3.31	3.31
3849	3.31	3.31
3851	3.31	3.31
3852	3.31	3.31
3853	3.31	3.31
3854	3.31	3.31
3856	3.31	3.31
3857	3.31	3.31
3858	3.31	3.31
3859	3.31	3.31
3861	3.31	3.31
3862	3.31	3.31
3863	3.31	3.31
3864	3.31	3.31
3866	3.31	3.31
3867	3.31	3.31
3868	3.31	3.31
3869	3.31	3.31
3871	3.31	3.31
3872	3.31	3.31
3873	3.31	3.31
3874	3.31	3.31
3875	3.31	3.31
3877	3.31	3.31
3878	3.31	3.31
3879	3.31	3.31
3880	3.31	3.31
3883	3.31	3.31
3884	3.31	3.31
3885	3.31	3.31
3886	3.31	3.31
3888	3.31	3.31
3889	3.31	3.31
3890	3.31	3.31
3891	3.31	3.31
3893	3.31	3.31
3894	3.31	3.31
3895	3.31	3.31
3896	3.31	3.31
3898	3.31	3.31
3899	3.31	3.31
3900	3.31	3.31
3901	3.31	3.31
3903	3.31	3.31
3904	3.31	3.31
3905	3.31	3.31
3906	3.31	3.31
3908	3.31	3.31
3909	3.31	3.31
3910	3.31	3.31
3911	3.31	3.31
3913	3.31	3.31
3914	3.31	3.31
3915	3.31	3.31
3916	3.31	3.31
3918	3.31	3.31