0.00s 	0.00	1.00	0.00
0.02s 	0.20	1.00	0.00
0.04s 	0.59	1.00	0.02
0.06s 	0.78	1.00	0.03
0.08s 	0.79	1.00	0.05
0.10s 	1.18	1.00	0.07
0.12s 	0.98	1.00	0.09
0.14s 	1.18	1.00	0.11
0.16s 	1.18	1.00	0.14
0.18s 	1.18	1.00	0.16
0.20s 	1.18	1.00	0.18
0.22s 	1.18	1.00	0.21
0.24s 	1.18	1.00	0.23
0.26s 	1.18	1.00	0.26
0.28s 	1.18	1.00	0.28
0.30s 	1.18	1.00	0.30
0.32s 	1.37	1.00	0.33
0.34s 	1.18	1.00	0.35
0.36s 	1.18	1.00	0.38
0.38s 	1.37	1.00	0.40
0.40s 	1.18	1.00	0.43
0.42s 	1.18	1.00	0.45
0.44s 	1.18	1.00	0.47
0.46s 	1.37	1.00	0.50
0.48s 	1.18	1.00	0.53
0.50s 	1.18	1.00	0.55
0.52s 	1.18	1.00	0.57
0.54s 	1.18	1.00	0.60
0.56s 	1.18	1.00	0.62
0.58s 	1.37	1.00	0.65
0.60s 	1.18	1.00	0.67
0.62s 	1.18	1.00	0.69
0.64s 	1.18	1.00	0.72
0.66s 	1.37	1.00	0.75
0.68s 	1.18	1.00	0.77
0.70s 	1.18	1.00	0.79
0.72s 	1.18	1.00	0.82
0.74s 	1.18	1.00	0.84
0.76s 	1.37	1.00	0.87
0.78s 	1.18	1.00	0.89
0.80s 	1.18	1.00	0.91
0.82s 	1.18	1.00	0.94
0.84s 	1.18	1.00	0.96
0.86s 	1.18	1.00	0.99
0.88s 	1.37	1.00	1.01
0.90s 	1.18	1.00	1.04
0.92s 	1.18	1.00	1.06
0.94s 	1.18	1.00	1.08
0.96s 	1.18	1.00	1.11
0.98s 	1.37	1.00	1.13
1.00s 	1.18	1.00	1.16
1.02s 	1.18	1.00	1.18
1.04s 	1.18	1.00	1.20
1.06s 	1.18	1.00	1.23
1.08s 	1.18	1.00	1.25
1.10s 	1.37	1.00	1.28
1.12s 	1.18	1.00	1.30
1.14s 	1.18	1.00	1.33
1.16s 	1.18	1.00	1.35
1.18s 	1.37	1.00	1.38
1.20s 	1.18	1.00	1.40
1.22s 	1.18	1.00	1.42
1.24s 	1.18	1.00	1.45
1.26s 	1.37	1.00	1.48
1.28s 	1.18	1.00	1.50
1.30s 	1.18	1.00	1.52
1.32s 	1.37	1.00	1.55
1.34s 	1.18	1.00	1.57
1.36s 	1.37	1.00	1.60
1.38s 	1.18	1.00	1.62
1.40s 	1.18	1.00	1.65
1.42s 	1.18	1.00	1.67
1.44s 	1.37	1.00	1.70
1.46s 	1.18	1.00	1.72
1.48s 	0.98	1.00	1.74
1.50s 	1.18	1.00	1.77
1.52s 	1.18	1.00	1.79
1.54s 	1.37	1.00	1.82
1.56s 	1.18	1.00	1.84
1.58s 	1.37	1.00	1.87
1.60s 	1.18	1.00	1.89
1.62s 	1.18	1.00	1.92
1.64s 	1.37	1.00	1.94
1.66s 	1.18	1.00	1.97
1.68s 	1.18	1.00	1.99
1.70s 	1.37	1.00	2.02
1.72s 	1.18	1.00	2.04
1.74s 	1.18	1.00	2.06
1.76s 	1.37	1.00	2.09
1.78s 	1.18	1.00	2.12
1.80s 	1.18	1.00	2.14
1.82s 	1.37	1.00	2.17
1.84s 	1.18	1.00	2.19
1.86s 	1.18	1.00	2.21
1.88s 	1.37	1.00	2.24
1.90s 	1.18	1.00	2.26
1.92s 	1.18	1.00	2.29
1.94s 	1.37	1.00	2.32
1.96s 	1.18	1.00	2.34
1.98s 	1.18	1.00	2.36
2.00s 	1.37	1.00	2.39
2.02s 	1.18	1.00	2.41
2.04s 	1.37	1.00	2.44
2.06s 	1.18	1.00	2.46
2.08s 	1.18	1.00	2.49
2.10s 	1.18	1.00	2.51
2.12s 	1.37	1.00	2.54
2.14s 	1.18	1.00	2.56
2.16s 	1.37	1.00	2.59
2.18s 	1.18	1.00	2.61
2.20s 	1.18	1.00	2.64
2.22s 	1.37	1.00	2.67
2.24s 	1.18	1.00	2.69
2.26s 	1.37	1.00	2.72
2.28s 	1.18	1.00	2.74
2.30s 	1.18	1.00	2.76
2.32s 	1.37	1.00	2.79
2.34s 	1.18	1.00	2.81
2.36s 	1.18	1.00	2.84
2.38s 	1.37	1.00	2.87
2.40s 	1.18	1.00	2.89
2.42s 	1.18	1.00	2.91
2.44s 	1.37	1.00	2.94
2.46s 	1.18	1.00	2.96
2.48s 	1.18	1.00	2.99
2.50s 	1.37	1.00	3.01
2.52s 	1.18	1.00	3.04
2.54s 	1.18	1.00	3.06
2.56s 	1.18	1.00	3.09
2.58s 	1.37	1.00	3.11
2.60s 	1.18	1.00	3.14
2.62s 	1.18	1.00	3.16
2.64s 	1.37	1.00	3.19
2.66s 	1.18	1.00	3.21
2.68s 	1.18	1.00	3.23
2.70s 	1.37	1.00	3.26
2.72s 	1.18	1.00	3.29
2.74s 	1.18	1.00	3.31
2.76s 	1.37	1.00	3.34
2.78s 	1.18	1.00	3.36
2.80s 	1.18	1.00	3.38
2.82s 	1.18	1.00	3.41
2.84s 	1.37	1.00	3.43
2.86s 	1.18	1.00	3.46
2.88s 	1.37	1.00	3.49
2.90s 	1.18	1.00	3.51
2.92s 	1.18	1.00	3.53
2.94s 	1.37	1.00	3.56
2.96s 	1.18	1.00	3.58
2.98s 	1.18	1.00	3.61